Create a scripts which will print the following, using for or while loops:

A.
       # #
      ## ##
     ### ###
    #### ####
   ##### #####
  ###### ######
 ####### #######
######## ########

######## ########
 ####### #######
  ###### ######
   ##### #####
    #### ####
     ### ###
      ## ##
       # #

B. 

0
01
012
0123
01234
012345
0123456
01234567
012345678
0123456789

C. 

                  1 
                1 2 1 
              1 2 3 2 1 
            1 2 3 4 3 2 1 
          1 2 3 4 5 4 3 2 1 
        1 2 3 4 5 6 5 4 3 2 1 
      1 2 3 4 5 6 7 6 5 4 3 2 1 
    1 2 3 4 5 6 7 8 7 6 5 4 3 2 1 
  1 2 3 4 5 6 7 8 9 8 7 6 5 4 3 2 1 

D. 

                  1 
                1 2 1 
              1 2 3 2 1 
            1 2 3 4 3 2 1 
          1 2 3 4 5 4 3 2 1 
        1 2 3 4 5 6 5 4 3 2 1 
      1 2 3 4 5 6 7 6 5 4 3 2 1 
    1 2 3 4 5 6 7 8 7 6 5 4 3 2 1 
  1 2 3 4 5 6 7 8 9 8 7 6 5 4 3 2 1 
    1 2 3 4 5 6 7 8 7 6 5 4 3 2 1 
      1 2 3 4 5 6 7 6 5 4 3 2 1 
        1 2 3 4 5 6 5 4 3 2 1 
          1 2 3 4 5 4 3 2 1 
            1 2 3 4 3 2 1 
              1 2 3 2 1 
                1 2 1 
                  1 


2. If you have any troubles studying on lessons, I suggest you to read "Dive into Python 3" to stick with the group (http://www.diveintopython3.net/)
